代码		总股数		
SH600000	18,653,471,415	
SH600004	1,150,000,000	
SH600005	10,093,779,823	
SH600006	2,000,000,000	
SH600007	1,007,282,534	
SH600008	2,200,000,000	
SH600009	1,926,958,448	
SH600010	8,002,591,027	
SH600011	14,055,383,440	
SH600012	1,658,610,000	
SH600015	8,904,643,509	
SH600016	28,366,175,753	
SH600017	3,075,653,888	
SH600018	22,755,179,650	
SH600019	16,471,724,924	
SH600020	2,247,371,832	
SH600021	2,139,739,257	
SH600022	6,436,295,797	
SH600026	3,404,553,194	
SH600027	7,371,084,200	
SH600028	116,565,280,654	
SH600029	9,817,567,000	
SH600030	11,016,908,400	
SH600031	7,616,504,037	
SH600033	2,744,400,000	
SH600035	931,652,495	
SH600036	25,219,845,601	
SH600037	1,060,368,074	
SH600038	589,476,716	
SH600039	1,046,500,000	
SH600048	7,137,994,391	
SH600050	21,196,596,395	
SH600051	302,400,000	
SH600052	871,789,092	
SH600053	433,540,800	
SH600054	471,350,000	
SH600055	216,450,000	
SH600056	457,384,240	
SH600057	859,840,000	
SH600058	1,071,910,711	
SH600059	634,856,363	
SH600060	1,306,645,222	
SH600061	429,082,940	
SH600062	571,695,948	
SH600063	1,497,853,280	
SH600064	516,218,832	
SH600066	1,273,709,862	
SH600067	1,188,633,059	
SH600068	3,487,458,977	
SH600069	825,374,144	
SH600070	182,878,488	
SH600071	237,472,456	
SH600072	478,429,586	
SH600073	822,735,141	
SH600075	438,592,000	
SH600076	365,536,000	
SH600077	1,090,964,432	
SH600078	662,572,861	
SH600079	528,777,222	
SH600080	305,295,872	
SH600081	313,560,000	
SH600082	646,115,826	
SH600083	230,000,000	
SH600084	809,919,300	
SH600085	1,310,772,006	
SH600086	352,281,672	
SH600088	331,422,000	
SH600089	2,635,559,840	
SH600090	367,916,646	
SH600093	322,447,500	
SH600094	1,511,556,942	
SH600095	361,263,565	
SH600096	1,668,668,528	
SH600097	202,597,901	
SH600098	2,742,221,806	
SH600099	219,120,000	
SH600100	2,197,882,238	
SH600101	324,178,977	
SH600103	1,061,841,600	
SH600104	11,025,566,629	
SH600105	380,954,646	
SH600106	907,742,000	
SH600107	360,000,000	
SH600108	1,946,915,121	
SH600109	1,294,071,702	
SH600110	1,150,312,097	
SH600111	2,422,044,000	
SH600112	509,204,846	
SH600113	318,600,000	
SH600114	205,500,000	
SH600115	12,674,268,860	
SH600116	267,533,200	
SH600117	741,219,252	
SH600118	1,182,489,135	
SH600119	307,400,000	
SH600120	505,473,454	
SH600121	946,139,213	
SH600122	1,141,589,600	
SH600123	1,142,400,000	
SH600125	1,305,521,874	
SH600126	838,938,750	
SH600127	544,459,617	
SH600128	246,767,500	
SH600129	426,894,000	
SH600130	768,000,000	
SH600131	504,125,155	
SH600132	483,971,198	
SH600133	634,257,784	
SH600135	342,000,000	
SH600136	104,444,000	
SH600137	97,217,588	
SH600138	415,350,000	
SH600139	661,890,508	
SH600141	435,390,027	
SH600143	2,634,400,000	
SH600145	377,685,000	
SH600146	200,000,000	
SH600148	141,516,450	
SH600149	380,160,000	
SH600150	1,378,117,598	
SH600151	1,250,179,897	
SH600152	293,494,200	
SH600153	2,237,750,741	
SH600156	402,110,702	
SH600157	1,767,559,530	
SH600158	843,735,373	
SH600159	830,003,232	
SH600160	1,416,918,400	
SH600161	515,466,868	
SH600162	767,812,619	
SH600163	721,419,960	
SH600165	273,953,510	
SH600166	2,809,671,600	
SH600167	211,000,000	
SH600168	709,569,692	
SH600169	2,423,955,000	
SH600170	2,775,267,568	
SH600171	673,807,773	
SH600172	533,362,138	
SH600173	725,147,460	
SH600175	1,390,779,254	
SH600176	872,629,500	
SH600177	2,226,611,695	
SH600178	462,080,000	
SH600179	390,000,000	
SH600180	872,223,893	
SH600182	340,000,000	
SH600183	1,423,018,290	
SH600184	209,380,413	
SH600185	577,594,400	
SH600186	1,062,024,311	
SH600187	1,455,624,228	
SH600188	4,918,400,000	
SH600189	310,500,000	
SH600190	1,561,787,370	
SH600191	484,932,000	
SH600192	441,748,000	
SH600193	425,373,000	
SH600195	429,800,000	
SH600196	2,240,462,364	
SH600197	441,000,000	
SH600198	741,707,313	
SH600199	555,775,002	
SH600200	623,700,000	
SH600201	280,814,930	
SH600202	383,340,672	
SH600203	240,544,100	
SH600206	277,849,434	
SH600207	690,000,000	
SH600208	6,258,857,807	
SH600209	439,011,169	
SH600210	1,436,736,158	
SH600211	145,589,000	
SH600212	511,697,213	
SH600213	220,000,000	
SH600215	465,032,880	
SH600216	936,108,000	
SH600217	660,800,000	
SH600218	283,400,000	
SH600219	1,934,168,232	
SH600220	1,783,340,326	
SH600221	12,182,181,790	
SH600222	496,608,912	
SH600223	1,000,968,000	
SH600225	626,401,707	
SH600226	405,549,248	
SH600227	950,392,526	
SH600228	241,320,000	
SH600229	395,786,210	
SH600230	259,331,620	
SH600231	804,002,200	
SH600232	364,718,544	
SH600233	165,000,000	
SH600235	351,300,000	
SH600236	2,280,449,514	
SH600237	564,369,565	
SH600238	448,200,000	
SH600239	823,429,184	
SH600240	1,424,253,600	
SH600241	180,200,000	
SH600242	273,335,353	
SH600243	236,850,000	
SH600246	1,216,800,000	
SH600247	336,441,600	
SH600248	425,989,200	
SH600249	450,000,000	
SH600250	258,692,460	
SH600251	362,100,000	
SH600252	1,091,747,528	
SH600255	625,500,000	
SH600256	5,221,424,684	
SH600257	427,050,000	
SH600258	231,400,000	
SH600259	249,400,000	
SH600260	527,640,000	
SH600261	645,379,080	
SH600262	170,000,000	
SH600266	889,200,000	
SH600267	839,709,058	
SH600268	635,246,434	
SH600269	2,335,407,014	
SH600270	905,481,720	
SH600271	923,400,000	
SH600272	243,000,000	
SH600273	315,000,000	
SH600275	508,837,238	
SH600276	1,360,221,193	
SH600277	2,089,589,500	
SH600278	522,241,739	
SH600279	342,092,262	
SH600280	574,167,436	
SH600281	514,402,025	
SH600282	3,875,752,457	
SH600283	285,330,000	
SH600284	693,040,000	
SH600285	357,266,909	
SH600287	436,796,074	
SH600288	436,800,000	
SH600289	571,539,834	
SH600290	526,883,658	
SH600291	384,000,000	
SH600292	511,872,636	
SH600293	344,502,600	
SH600295	1,032,000,000	
SH600297	350,000,000	
SH600298	329,632,377	
SH600299	522,707,560	
SH600300	1,672,000,000	
SH600302	346,009,804	
SH600303	574,505,996	
SH600305	254,300,000	
SH600306	178,138,918	
SH600307	6,263,357,424	
SH600308	1,167,561,419	
SH600309	2,162,334,720	
SH600310	275,925,000	
SH600311	665,600,000	
SH600312	818,966,173	
SH600313	367,287,248	
SH600315	672,443,211	
SH600316	717,114,512	
SH600317	2,157,661,001	
SH600318	242,000,000	
SH600320	4,390,294,584	
SH600321	1,180,880,000	
SH600322	1,105,700,000	
SH600323	579,242,881	
SH600325	817,045,620	
SH600326	547,200,000	
SH600327	521,711,813	
SH600328	359,118,030	
SH600329	739,308,720	
SH600330	588,818,400	
SH600331	1,032,000,000	
SH600332	1,291,340,650	
SH600333	529,619,808	
SH600335	560,004,607	
SH600336	682,072,000	
SH600337	647,280,419	
SH600338	158,333,333	
SH600339	578,154,688	
SH600340	1,322,879,715	
SH600343	319,103,174	
SH600345	198,000,000	
SH600346	241,000,000	
SH600348	2,405,000,000	
SH600350	4,811,165,857	
SH600351	692,000,000	
SH600352	1,515,865,930	
SH600353	271,860,000	
SH600354	447,802,080	
SH600355	246,044,600	
SH600356	252,328,207	
SH600359	321,000,000	
SH600360	738,080,000	
SH600361	665,807,918	
SH600362	3,462,729,405	
SH600363	443,476,750	
SH600365	200,000,000	
SH600366	514,497,750	
SH600367	291,200,000	
SH600368	833,801,532	
SH600369	2,322,554,562	
SH600370	318,897,692	
SH600371	204,600,000	
SH600372	1,759,162,938	
SH600373	658,711,953	
SH600375	555,740,597	
SH600376	2,242,012,500	
SH600377	5,037,747,500	
SH600378	297,193,292	
SH600379	235,858,260	
SH600380	1,545,835,892	
SH600382	341,746,600	
SH600383	4,471,508,572	
SH600386	403,200,000	
SH600387	386,100,000	
SH600388	427,620,000	
SH600389	198,000,000	
SH600390	390,657,490	
SH600391	330,129,367	
SH600392	376,415,753	
SH600393	300,000,000	
SH600395	1,655,051,861	
SH600396	340,600,000	
SH600397	989,959,882	
SH600398	646,604,078	
SH600399	520,000,000	
SH600400	560,399,640	
SH600401	1,036,418,019	
SH600403	2,390,812,402	
SH600405	282,595,201	
SH600406	2,205,753,602	
SH600408	1,006,800,000	
SH600409	1,850,385,487	
SH600410	646,034,068	
SH600415	2,721,607,088	
SH600416	608,484,542	
SH600418	1,284,905,826	
SH600419	86,389,415	
SH600420	287,733,402	
SH600422	341,130,177	
SH600423	399,347,513	
SH600425	1,378,790,086	
SH600426	953,625,000	
SH600428	1,690,446,393	
SH600429	885,000,000	
SH600432	811,121,542	
SH600433	1,190,280,000	
SH600435	744,660,000	
SH600436	160,884,589	
SH600438	817,109,632	
SH600439	943,321,200	
SH600446	262,605,000	
SH600448	319,800,000	
SH600449	478,318,834	
SH600452	160,000,000	
SH600455	62,458,000	
SH600456	430,265,700	
SH600458	661,422,092	
SH600459	200,752,109	
SH600460	959,360,000	
SH600461	330,000,000	
SH600462	533,780,000	
SH600463	252,000,000	
SH600466	439,005,855	
SH600467	730,497,152	
SH600468	456,192,000	
SH600469	374,942,148	
SH600470	521,600,000	
SH600475	256,000,000	
SH600476	161,070,000	
SH600477	463,458,217	
SH600478	314,823,465	
SH600479	304,819,200	
SH600480	361,714,838	
SH600481	810,103,940	
SH600482	531,380,000	
SH600483	288,483,712	
SH600485	138,586,000	
SH600486	172,166,059	
SH600487	207,082,505	
SH600488	960,854,960	
SH600489	2,943,228,797	
SH600490	870,000,000	
SH600491	947,600,000	
SH600493	272,000,000	
SH600495	419,510,724	
SH600496	586,566,000	
SH600497	1,667,560,890	
SH600498	965,719,600	
SH600499	666,248,700	
SH600500	1,437,589,571	
SH600501	389,283,600	
SH600502	501,930,000	
SH600503	1,139,076,000	
SH600505	364,567,500	
SH600506	147,706,873	
SH600507	1,310,721,235	
SH600508	722,718,000	
SH600509	905,696,586	
SH600510	795,522,700	
SH600511	478,800,000	
SH600512	736,940,656	
SH600513	156,700,189	
SH600515	422,774,136	
SH600516	1,719,160,378	
SH600517	691,401,272	
SH600518	2,198,714,483	
SH600519	1,038,180,000	
SH600520	113,040,000	
SH600521	785,302,271	
SH600522	704,504,223	
SH600523	288,793,800	
SH600525	863,510,112	
SH600526	203,444,725	
SH600527	802,089,390	
SH600528	1,459,200,000	
SH600529	257,380,111	
SH600530	312,000,000	
SH600531	295,250,776	
SH600532	396,234,400	
SH600533	1,050,000,000	
SH600535	1,032,842,654	
SH600536	225,693,879	
SH600537	485,871,301	
SH600540	302,708,474	
SH600543	321,120,000	
SH600545	675,785,778	
SH600546	1,982,456,140	
SH600547	1,423,072,408	
SH600548	2,180,770,326	
SH600549	681,980,000	
SH600550	1,372,990,906	
SH600551	505,825,296	
SH600552	239,329,786	
SH600557	415,646,691	
SH600558	207,257,814	
SH600559	140,000,000	
SH600560	223,645,500	
SH600561	237,064,000	
SH600562	128,530,783	
SH600563	225,000,000	
SH600565	720,000,000	
SH600566	138,200,400	
SH600567	3,176,733,412	
SH600568	366,226,520	
SH600569	2,393,684,489	
SH600570	617,805,180	
SH600571	202,687,380	
SH600572	809,600,000	
SH600573	250,000,000	
SH600575	2,435,295,988	
SH600576	218,093,090	
SH600577	709,565,610	
SH600578	4,617,320,954	
SH600580	1,110,527,236	
SH600581	766,448,935	
SH600582	1,213,920,000	
SH600583	4,421,354,800	
SH600584	853,133,610	
SH600585	5,299,302,579	
SH600586	1,422,707,400	
SH600587	188,577,901	
SH600588	959,246,238	
SH600589	601,730,000	
SH600590	500,325,712	
SH600592	399,553,571	
SH600593	92,000,000	
SH600594	360,625,000	
SH600595	1,741,540,403	
SH600596	679,184,633	
SH600597	1,224,497,459	
SH600598	1,777,679,909	
SH600599	166,000,000	
SH600600	1,350,982,795	
SH600601	2,194,891,204	
SH600602	1,172,943,082	
SH600604	566,449,190	
SH600605	147,344,592	
SH600606	518,320,089	
SH600608	328,861,441	
SH600609	1,092,667,132	
SH600610	357,091,535	
SH600611	1,576,081,909	
SH600612	523,117,764	
SH600613	445,059,690	
SH600614	567,402,596	
SH600615	188,020,508	
SH600616	438,671,492	
SH600618	1,156,399,976	
SH600619	667,744,115	
SH600620	457,784,742	
SH600621	524,082,351	
SH600622	514,303,802	
SH600623	889,467,722	
SH600624	345,155,035	
SH600626	710,242,816	
SH600628	531,799,270	
SH600629	347,999,813	
SH600630	424,861,597	
SH600633	594,143,795	
SH600635	1,644,869,783	
SH600636	381,950,571	
SH600637	1,113,736,075	
SH600638	561,163,988	
SH600639	928,825,040	
SH600640	535,364,544	
SH600641	806,158,748	
SH600642	4,552,038,316	
SH600643	1,105,492,188	
SH600644	326,480,131	
SH600645	325,041,030	
SH600647	139,143,550	
SH600648	1,010,780,943	
SH600649	2,987,523,518	
SH600650	551,610,107	
SH600651	739,065,311	
SH600652	557,002,564	
SH600653	1,746,380,317	
SH600654	755,043,154	
SH600655	1,437,321,976	
SH600656	190,343,678	
SH600657	1,524,260,442	
SH600658	580,097,402	
SH600660	2,002,986,332	
SH600661	173,676,825	
SH600662	1,053,362,191	
SH600663	1,867,684,000	
SH600664	1,917,483,289	
SH600665	864,122,521	
SH600666	290,146,298	
SH600667	1,191,274,272	
SH600668	344,083,828	
SH600671	121,778,885	
SH600673	827,466,788	
SH600674	1,981,867,766	
SH600675	1,555,882,832	
SH600676	862,373,924	
SH600677	326,172,356	
SH600678	348,990,000	
SH600679	353,619,662	
SH600680	382,225,337	
SH600681	251,477,550	
SH600682	358,321,685	
SH600683	740,777,597	
SH600684	474,144,846	
SH600685	643,080,854	
SH600686	442,597,097	
SH600687	377,111,688	
SH600688	10,800,000,000	
SH600689	200,991,343	
SH600690	2,695,909,540	
SH600691	1,467,856,020	
SH600692	351,764,064	
SH600693	343,222,594	
SH600694	293,718,653	
SH600695	713,200,000	
SH600696	340,565,550	
SH600697	159,088,075	
SH600699	636,144,817	
SH600701	498,781,936	
SH600702	337,300,000	
SH600703	1,444,013,776	
SH600704	790,515,734	
SH600705	1,522,470,267	
SH600706	179,509,675	
SH600708	510,370,252	
SH600710	640,284,000	
SH600711	453,498,922	
SH600712	544,655,360	
SH600713	693,580,680	
SH600714	273,404,541	
SH600715	224,256,000	
SH600716	740,600,634	
SH600717	1,674,769,120	
SH600718	1,227,594,245	
SH600719	202,299,800	
SH600720	776,290,282	
SH600721	268,851,955	
SH600722	680,319,676	
SH600723	658,407,554	
SH600724	1,445,241,071	
SH600725	616,235,000	
SH600726	1,966,675,153	
SH600727	350,986,607	
SH600728	362,800,338	
SH600729	373,093,418	
SH600730	293,328,001	
SH600731	256,314,098	
SH600732	446,383,080	
SH600733	197,586,000	
SH600734	351,558,394	
SH600735	250,699,666	
SH600736	1,057,881,600	
SH600737	2,051,876,155	
SH600738	368,867,627	
SH600739	1,364,709,816	
SH600740	765,700,000	
SH600741	2,583,200,175	
SH600742	211,523,400	
SH600743	1,817,661,006	
SH600744	711,648,000	
SH600745	327,374,896	
SH600746	306,421,452	
SH600747	1,064,328,399	
SH600748	1,083,370,873	
SH600749	189,137,931	
SH600750	311,150,000	
SH600751	892,648,820	
SH600753	128,000,000	
SH600754	603,240,740	
SH600755	1,330,835,888	
SH600756	278,747,280	
SH600757	1,213,650,273	
SH600758	207,681,760	
SH600759	1,220,117,545	
SH600761	514,014,446	
SH600763	160,320,000	
SH600764	329,726,984	
SH600765	778,003,200	
SH600766	224,226,822	
SH600767	341,010,182	
SH600768	133,747,200	
SH600770	1,104,600,000	
SH600771	243,808,438	
SH600773	575,704,998	
SH600774	174,575,386	
SH600775	913,838,529	
SH600776	1,256,000,064	
SH600777	625,423,279	
SH600778	311,491,352	
SH600779	488,545,698	
SH600780	1,146,502,523	
SH600781	177,592,864	
SH600782	1,393,448,106	
SH600783	744,359,294	
SH600784	496,613,746	
SH600785	207,431,280	
SH600787	929,914,192	
SH600789	581,575,475	
SH600790	805,379,631	
SH600791	452,880,000	
SH600792	494,961,800	
SH600794	474,351,890	
SH600795	17,229,893,705	
SH600796	301,402,144	
SH600797	831,769,995	
SH600798	871,174,542	
SH600800	611,271,047	
SH600801	935,299,928	
SH600802	381,873,666	
SH600803	922,032,767	
SH600804	1,382,129,269	
SH600805	850,894,494	
SH600806	531,081,103	
SH600807	321,151,200	
SH600808	7,700,681,186	
SH600809	865,848,266	
SH600810	442,280,000	
SH600811	1,666,805,374	
SH600812	1,378,577,558	
SH600814	310,383,021	
SH600815	958,969,989	
SH600816	454,109,778	
SH600818	321,447,910	
SH600819	731,250,082	
SH600820	1,298,659,332	
SH600821	416,268,225	
SH600822	495,972,914	
SH600823	1,170,595,338	
SH600824	878,355,894	
SH600825	1,044,887,850	
SH600826	420,642,288	
SH600827	1,722,495,752	
SH600828	570,439,657	
SH600829	579,888,597	
SH600830	454,322,747	
SH600831	563,438,537	
SH600832	3,186,334,874	
SH600833	223,086,347	
SH600834	477,381,905	
SH600835	1,022,739,308	
SH600836	313,563,375	
SH600837	9,584,721,180	
SH600838	400,881,981	
SH600839	4,616,244,222	
SH600841	866,689,830	
SH600843	448,886,777	
SH600844	778,620,618	
SH600845	340,917,291	
SH600846	624,761,516	
SH600847	152,238,400	
SH600848	399,286,890	
SH600850	321,744,887	
SH600851	1,207,056,692	
SH600853	536,807,658	
SH600854	519,458,538	
SH600855	331,617,425	
SH600856	234,831,569	
SH600857	224,319,919	
SH600858	520,066,589	
SH600859	462,768,088	
SH600860	422,000,000	
SH600861	316,804,949	
SH600862	637,928,488	
SH600863	3,871,830,000	
SH600864	546,378,196	
SH600865	376,240,316	
SH600866	550,393,465	
SH600867	931,455,025	
SH600868	1,898,148,679	
SH600869	990,043,368	
SH600870	523,199,665	
SH600871	6,000,000,000	
SH600872	796,637,194	
SH600873	3,108,226,603	
SH600874	1,427,228,430	
SH600875	2,003,860,000	
SH600876	500,018,242	
SH600877	687,282,040	
SH600879	1,039,537,037	
SH600880	683,332,557	
SH600881	1,894,732,058	
SH600882	399,238,045	
SH600883	236,088,000	
SH600884	410,858,247	
SH600885	476,639,237	
SH600886	6,786,023,347	
SH600887	2,042,914,022	
SH600888	641,225,872	
SH600889	307,069,284	
SH600890	579,194,925	
SH600891	325,528,945	
SH600892	63,125,000	
SH600893	1,089,573,236	
SH600894	788,518,324	
SH600895	1,548,689,550	
SH600896	581,315,773	
SH600897	297,810,000	
SH600898	252,523,820	
SH600900	16,500,000,000	
SH600960	211,670,550	
SH600962	262,210,000	
SH600963	1,043,159,148	
SH600965	279,403,237	
SH600966	504,619,521	
SH600967	457,126,666	
SH600969	210,267,720	
SH600970	1,093,297,260	
SH600971	1,000,004,070	
SH600973	411,387,457	
SH600975	234,360,126	
SH600976	153,398,600	
SH600978	1,152,662,718	
SH600979	717,892,146	
SH600981	516,106,500	
SH600982	168,000,000	
SH600983	532,800,000	
SH600984	241,556,000	
SH600985	175,236,496	
SH600986	335,269,708	
SH600987	635,310,000	
SH600988	283,302,301	
SH600990	136,702,040	
SH600992	164,370,000	
SH600993	331,579,916	
SH600995	478,526,400	
SH600997	1,234,640,000	
SH600998	1,420,515,819	
SH600999	4,661,099,829	
SH601000	2,030,351,504	
SH601001	1,673,700,000	
SH601002	792,690,000	
SH601003	2,562,793,200	
SH601005	1,733,127,200	
SH601006	14,866,791,491	
SH601007	300,000,000	
SH601008	811,635,101	
SH601009	2,968,933,194	
SH601010	739,200,000	
SH601011	387,000,000	
SH601012	538,524,000	
SH601018	12,800,000,000	
SH601028	320,120,000	
SH601038	995,900,000	
SH601058	378,000,000	
SH601088	19,889,620,455	
SH601098	1,796,000,000	
SH601099	1,653,644,684	
SH601100	630,000,000	
SH601101	1,199,998,272	
SH601106	6,538,000,000	
SH601107	3,058,060,000	
SH601111	13,084,751,004	
SH601113	640,000,000	
SH601116	410,758,800	
SH601117	4,933,000,000	
SH601118	3,931,171,600	
SH601126	406,595,000	
SH601137	215,000,000	
SH601139	1,980,450,000	
SH601158	4,800,000,000	
SH601166	19,052,336,751	
SH601168	2,383,000,000	
SH601169	8,800,159,539	
SH601177	400,060,000	
SH601179	5,125,882,352	
SH601186	12,337,541,500	
SH601188	1,315,878,571	
SH601199	233,800,000	
SH601208	615,760,000	
SH601216	1,280,000,000	
SH601218	991,760,000	
SH601222	355,180,000	
SH601231	1,011,723,801	
SH601233	963,600,000	
SH601238	6,435,020,097	
SH601258	2,621,500,000	
SH601288	324,794,117,000	
SH601299	10,320,056,303	
SH601311	851,833,750	
SH601313	416,340,000	
SH601318	7,916,142,092	
SH601328	74,262,726,645	
SH601333	7,083,537,000	
SH601336	3,119,546,600	
SH601339	750,000,000	
SH601369	1,638,770,233	
SH601377	2,600,000,000	
SH601388	410,000,000	
SH601390	21,299,900,000	
SH601398	350,571,214,224	
SH601515	556,000,000	
SH601518	1,213,200,000	
SH601519	1,807,000,000	
SH601555	2,000,000,000	
SH601558	4,020,400,000	
SH601566	578,665,500	
SH601567	400,500,000	
SH601588	3,367,020,000	
SH601599	318,000,000	
SH601600	13,524,487,892	
SH601601	9,062,000,000	
SH601607	2,688,910,538	
SH601608	2,740,000,000	
SH601616	932,580,000	
SH601618	19,110,000,000	
SH601628	28,264,705,000	
SH601633	3,042,423,000	
SH601636	694,256,700	
SH601666	2,361,164,982	
SH601668	30,000,000,000	
SH601669	9,600,000,000	
SH601677	401,000,000	
SH601678	660,000,000	
SH601688	5,600,000,000	
SH601699	2,301,084,000	
SH601700	439,200,000	
SH601717	1,621,122,000	
SH601718	3,857,000,000	
SH601727	12,823,626,660	
SH601766	13,803,000,000	
SH601777	1,010,388,087	
SH601788	3,418,000,000	
SH601789	488,040,000	
SH601798	320,000,000	
SH601799	239,689,600	
SH601800	16,174,735,425	
SH601801	910,000,000	
SH601808	4,495,320,000	
SH601818	40,434,790,000	
SH601857	183,020,977,818	
SH601866	11,683,125,000	
SH601872	4,720,921,809	
SH601877	1,008,018,000	
SH601880	4,426,000,000	
SH601886	1,120,000,000	
SH601888	976,237,772	
SH601890	468,000,000	
SH601898	13,258,663,400	
SH601899	21,811,963,650	
SH601901	6,100,000,000	
SH601908	859,770,272	
SH601918	2,590,541,800	
SH601928	2,544,900,000	
SH601929	1,467,888,229	
SH601933	1,627,217,820	
SH601939	250,010,977,486	
SH601958	3,226,604,400	
SH601965	640,786,578	
SH601988	279,148,483,001	
SH601989	15,173,516,432	
SH601991	13,310,037,578	
SH601992	4,283,737,060	
SH601996	468,912,000	
SH601998	46,787,327,034	
SH601999	550,914,700	
SH603000	276,422,764	
SH603001	400,980,000	
SH603002	400,000,000	
SH603003	202,000,000	
SH603008	315,000,000	
SH603077	450,000,000	
SH603123	308,000,000	
SH603128	400,000,000	
SH603167	481,400,000	
SH603333	520,005,000	
SH603366	400,000,000	
SH603399	253,360,000	
SH603766	800,000,000	
SH603993	5,076,170,525	
SZ000001	8,197,360,665	
SZ000002	11,013,724,969	
SZ000004	83,976,684	
SZ000005	914,333,607	
SZ000006	1,349,995,046	
SZ000007	230,965,363	
SZ000008	303,601,640	
SZ000009	1,254,363,108	
SZ000010	588,069,788	
SZ000011	595,979,092	
SZ000012	2,075,335,560	
SZ000014	201,705,187	
SZ000016	1,203,972,704	
SZ000017	551,347,947	
SZ000018	169,142,356	
SZ000019	250,900,154	
SZ000020	283,161,227	
SZ000021	1,471,259,363	
SZ000022	644,763,730	
SZ000023	138,756,240	
SZ000024	1,717,300,503	
SZ000025	220,281,600	
SZ000026	392,767,870	
SZ000027	2,642,994,398	
SZ000028	288,149,400	
SZ000029	1,011,660,000	
SZ000030	1,298,695,140	
SZ000031	1,813,731,596	
SZ000032	232,864,320	
SZ000033	329,402,050	
SZ000034	357,973,531	
SZ000035	188,953,707	
SZ000036	1,123,887,712	
SZ000037	602,762,596	
SZ000038	96,227,998	
SZ000039	2,662,396,051	
SZ000040	469,593,364	
SZ000042	239,463,040	
SZ000043	666,961,416	
SZ000045	506,521,849	
SZ000046	4,557,311,768	
SZ000048	390,768,671	
SZ000049	136,829,160	
SZ000050	574,237,500	
SZ000055	756,909,905	
SZ000056	220,901,184	
SZ000058	784,799,010	
SZ000059	1,200,506,367	
SZ000060	2,062,940,880	
SZ000061	1,696,964,131	
SZ000062	666,949,797	
SZ000063	3,437,541,278	
SZ000065	211,168,256	
SZ000066	1,323,593,886	
SZ000068	896,671,464	
SZ000069	7,271,498,566	
SZ000070	271,000,000	
SZ000078	731,713,855	
SZ000088	1,942,200,000	
SZ000089	1,690,257,716	
SZ000090	552,530,794	
SZ000096	528,000,000	
SZ000099	513,612,687	
SZ000100	8,500,016,835	
SZ000150	324,000,000	
SZ000151	295,980,000	
SZ000153	312,141,230	
SZ000155	470,000,000	
SZ000156	1,097,025,730	
SZ000157	7,705,954,050	
SZ000158	718,861,000	
SZ000159	481,139,294	
SZ000301	1,218,236,445	
SZ000333	1,686,323,389	
SZ000338	1,999,309,639	
SZ000400	491,753,600	
SZ000401	1,347,522,914	
SZ000402	3,027,079,809	
SZ000403	272,577,599	
SZ000404	559,623,953	
SZ000407	649,232,044	
SZ000408	252,301,500	
SZ000409	472,709,345	
SZ000410	765,470,884	
SZ000411	207,449,946	
SZ000413	903,000,000	
SZ000415	1,269,252,972	
SZ000416	531,871,494	
SZ000417	779,884,200	
SZ000418	632,487,764	
SZ000419	543,582,655	
SZ000420	378,257,464	
SZ000421	351,684,100	
SZ000422	897,866,712	
SZ000423	654,021,537	
SZ000425	2,062,758,154	
SZ000426	481,737,155	
SZ000428	718,926,000	
SZ000429	1,257,117,748	
SZ000430	320,835,149	
SZ000488	2,062,045,941	
SZ000498	1,120,139,063	
SZ000501	507,248,590	
SZ000502	184,819,607	
SZ000503	898,822,204	
SZ000504	311,573,901	
SZ000505	426,745,404	
SZ000506	929,017,761	
SZ000507	789,540,919	
SZ000509	250,009,885	
SZ000510	609,182,254	
SZ000511	1,154,832,011	
SZ000513	295,721,852	
SZ000514	843,770,965	
SZ000516	713,419,721	
SZ000517	1,061,307,495	
SZ000518	1,029,556,222	
SZ000519	601,301,347	
SZ000520	674,722,303	
SZ000521	763,739,205	
SZ000523	445,163,588	
SZ000524	269,673,744	
SZ000525	507,246,849	
SZ000526	96,195,107	
SZ000528	1,125,242,136	
SZ000529	583,790,330	
SZ000530	350,014,975	
SZ000531	342,541,410	
SZ000532	344,708,340	
SZ000533	690,816,000	
SZ000534	496,552,096	
SZ000536	700,493,506	
SZ000537	512,717,581	
SZ000538	694,266,479	
SZ000539	4,375,236,655	
SZ000540	1,287,572,292	
SZ000541	978,563,745	
SZ000543	1,053,174,105	
SZ000544	269,459,799	
SZ000545	306,664,025	
SZ000546	169,506,479	
SZ000547	834,878,240	
SZ000548	499,215,811	
SZ000550	863,214,000	
SZ000551	400,080,405	
SZ000552	718,891,268	
SZ000553	593,923,220	
SZ000554	480,793,320	
SZ000555	90,627,680	
SZ000557	686,133,996	
SZ000558	630,269,150	
SZ000559	1,593,263,574	
SZ000560	171,458,462	
SZ000561	595,844,701	
SZ000562	3,972,408,332	
SZ000563	1,214,667,354	
SZ000564	473,311,834	
SZ000565	173,436,888	
SZ000566	495,189,948	
SZ000567	151,200,000	
SZ000568	1,402,006,476	
SZ000570	561,374,326	
SZ000571	736,064,000	
SZ000572	1,644,636,426	
SZ000573	622,755,604	
SZ000576	442,861,324	
SZ000581	1,020,200,992	
SZ000582	142,122,609	
SZ000584	408,882,893	
SZ000585	873,370,000	
SZ000586	193,440,000	
SZ000587	557,134,734	
SZ000589	488,904,304	
SZ000590	223,331,267	
SZ000591	274,630,983	
SZ000592	847,407,034	
SZ000593	223,336,429	
SZ000594	1,493,771,892	
SZ000595	247,700,000	
SZ000596	503,600,000	
SZ000597	333,809,998	
SZ000598	2,986,218,602	
SZ000599	524,828,478	
SZ000600	913,660,121	
SZ000601	1,080,551,669	
SZ000603	504,988,667	
SZ000605	93,225,000	
SZ000606	472,113,600	
SZ000607	487,731,995	
SZ000608	749,913,309	
SZ000609	298,095,522	
SZ000610	196,747,901	
SZ000611	321,822,022	
SZ000612	1,168,997,394	
SZ000613	364,100,000	
SZ000615	211,677,316	
SZ000616	1,430,234,425	
SZ000617	287,539,200	
SZ000619	360,000,000	
SZ000620	1,597,970,649	
SZ000622	425,226,000	
SZ000623	894,438,433	
SZ000625	4,662,886,108	
SZ000626	202,500,000	
SZ000627	1,353,589,866	
SZ000628	219,480,000	
SZ000629	8,589,746,202	
SZ000630	1,421,606,707	
SZ000631	1,045,509,753	
SZ000632	465,519,570	
SZ000633	385,106,373	
SZ000635	303,087,602	
SZ000636	670,966,312	
SZ000637	519,875,356	
SZ000638	309,400,000	
SZ000639	188,322,834	
SZ000650	990,672,061	
SZ000651	3,007,865,439	
SZ000652	1,475,573,852	
SZ000655	595,340,230	
SZ000656	1,158,540,051	
SZ000657	527,134,653	
SZ000659	1,285,702,520	
SZ000661	131,326,570	
SZ000662	287,989,200	
SZ000663	202,760,280	
SZ000665	388,761,371	
SZ000666	704,130,000	
SZ000667	2,559,592,332	
SZ000668	146,841,890	
SZ000669	269,027,887	
SZ000670	272,209,120	
SZ000671	1,018,410,535	
SZ000672	813,619,871	
SZ000673	208,080,000	
SZ000676	314,586,699	
SZ000677	863,977,948	
SZ000678	429,079,797	
SZ000679	356,400,000	
SZ000680	1,240,787,611	
SZ000681	198,750,000	
SZ000682	978,163,195	
SZ000683	767,813,983	
SZ000685	778,683,215	
SZ000686	978,583,016	
SZ000687	757,368,462	
SZ000688	1,137,299,314	
SZ000690	1,726,612,500	
SZ000691	323,270,000	
SZ000692	266,416,488	
SZ000695	222,147,539	
SZ000697	481,094,588	
SZ000698	660,928,528	
SZ000700	309,043,600	
SZ000701	240,250,000	
SZ000702	266,634,576	
SZ000703	1,153,587,626	
SZ000705	167,061,643	
SZ000707	464,145,765	
SZ000708	449,408,480	
SZ000709	10,618,607,852	
SZ000710	151,200,000	
SZ000711	160,898,400	
SZ000712	448,000,000	
SZ000713	298,875,968	
SZ000715	279,006,000	
SZ000716	246,000,000	
SZ000717	2,419,524,410	
SZ000718	2,043,192,561	
SZ000719	439,717,878	
SZ000720	863,460,000	
SZ000721	249,527,960	
SZ000722	464,158,282	
SZ000723	279,198,390	
SZ000725	13,521,542,341	
SZ000726	955,800,496	
SZ000727	359,157,356	
SZ000728	1,964,100,000	
SZ000729	2,807,358,770	
SZ000731	591,484,352	
SZ000732	1,017,177,993	
SZ000733	358,120,000	
SZ000735	880,132,000	
SZ000736	297,193,885	
SZ000737	548,760,000	
SZ000738	1,145,642,349	
SZ000739	815,455,732	
SZ000748	375,562,170	
SZ000750	1,791,951,572	
SZ000752	263,758,491	
SZ000753	411,193,403	
SZ000755	469,264,621	
SZ000756	457,312,830	
SZ000757	366,333,256	
SZ000758	984,689,212	
SZ000759	681,021,500	
SZ000760	236,852,292	
SZ000761	3,136,000,000	
SZ000762	475,974,877	
SZ000766	449,016,276	
SZ000767	2,253,737,800	
SZ000768	2,653,834,509	
SZ000776	5,919,291,464	
SZ000777	213,009,774	
SZ000778	1,916,871,574	
SZ000779	186,441,020	
SZ000780	1,014,306,324	
SZ000782	404,513,250	
SZ000783	2,371,233,839	
SZ000785	251,221,698	
SZ000786	575,150,000	
SZ000788	595,987,425	
SZ000789	408,909,579	
SZ000790	384,840,513	
SZ000791	722,157,900	
SZ000792	1,590,509,203	
SZ000793	1,360,132,576	
SZ000795	276,800,000	
SZ000796	246,542,015	
SZ000797	389,452,440	
SZ000798	319,455,000	
SZ000799	324,928,980	
SZ000800	1,627,500,000	
SZ000801	459,888,172	
SZ000802	374,980,360	
SZ000803	127,730,893	
SZ000806	699,214,962	
SZ000807	1,539,172,984	
SZ000809	549,860,862	
SZ000810	129,665,718	
SZ000811	394,597,417	
SZ000812	447,375,651	
SZ000813	467,495,367	
SZ000815	316,800,000	
SZ000816	1,088,803,318	
SZ000818	680,000,000	
SZ000819	213,083,687	
SZ000820	287,834,760	
SZ000821	345,238,781	
SZ000822	895,091,926	
SZ000823	440,436,000	
SZ000825	5,696,247,796	
SZ000826	646,384,776	
SZ000828	1,039,516,992	
SZ000829	946,901,092	
SZ000830	1,464,860,778	
SZ000831	980,888,981	
SZ000833	296,067,880	
SZ000835	305,370,000	
SZ000836	292,497,816	
SZ000837	348,717,600	
SZ000838	180,999,720	
SZ000839	1,567,930,541	
SZ000848	401,461,632	
SZ000850	943,665,009	
SZ000851	515,940,000	
SZ000852	400,400,000	
SZ000856	227,000,000	
SZ000858	3,795,966,720	
SZ000859	420,480,000	
SZ000860	438,540,000	
SZ000861	492,188,966	
SZ000862	283,068,000	
SZ000863	738,690,925	
SZ000868	695,565,603	
SZ000869	685,464,000	
SZ000875	839,100,000	
SZ000876	1,737,669,610	
SZ000877	880,101,259	
SZ000878	1,416,398,800	
SZ000880	276,100,500	
SZ000881	308,918,400	
SZ000882	1,071,962,929	
SZ000883	2,674,374,839	
SZ000885	426,799,283	
SZ000886	988,828,300	
SZ000887	1,072,401,739	
SZ000888	235,188,000	
SZ000889	445,521,564	
SZ000890	379,641,600	
SZ000892	413,876,880	
SZ000893	271,780,000	
SZ000895	2,200,578,448	
SZ000897	1,617,272,234	
SZ000898	7,234,807,847	
SZ000899	646,677,760	
SZ000900	778,373,505	
SZ000901	250,359,122	
SZ000902	258,000,000	
SZ000903	680,760,000	
SZ000905	531,000,000	
SZ000906	330,605,802	
SZ000908	280,000,000	
SZ000909	294,000,000	
SZ000910	527,500,000	
SZ000911	286,640,000	
SZ000912	585,000,000	
SZ000913	453,536,000	
SZ000915	180,254,989	
SZ000916	1,090,000,000	
SZ000917	1,015,949,879	
SZ000918	1,804,191,500	
SZ000919	504,000,000	
SZ000920	422,000,000	
SZ000921	1,354,054,750	
SZ000922	524,134,049	
SZ000923	198,000,000	
SZ000925	311,338,108	
SZ000926	712,355,650	
SZ000927	1,595,174,020	
SZ000928	282,899,000	
SZ000929	185,766,000	
SZ000930	964,411,115	
SZ000931	674,846,940	
SZ000932	3,015,650,025	
SZ000933	1,900,500,000	
SZ000935	615,862,000	
SZ000936	748,012,887	
SZ000937	2,312,884,204	
SZ000938	206,080,000	
SZ000939	943,308,800	
SZ000948	246,606,046	
SZ000949	829,221,502	
SZ000950	598,799,235	
SZ000951	419,425,500	
SZ000952	251,705,513	
SZ000953	294,059,437	
SZ000955	538,395,000	
SZ000957	238,504,950	
SZ000958	299,485,000	
SZ000959	2,966,526,057	
SZ000960	1,151,220,391	
SZ000961	1,167,839,226	
SZ000962	440,832,644	
SZ000963	434,059,991	
SZ000965	692,337,178	
SZ000966	554,142,040	
SZ000967	246,214,944	
SZ000968	513,747,000	
SZ000969	862,796,348	
SZ000970	1,065,200,000	
SZ000971	243,100,000	
SZ000972	771,283,579	
SZ000973	918,832,297	
SZ000975	1,085,569,741	
SZ000976	586,642,796	
SZ000977	215,000,000	
SZ000978	360,100,000	
SZ000979	1,922,975,953	
SZ000980	317,000,000	
SZ000981	859,005,200	
SZ000982	718,851,205	
SZ000983	3,151,200,000	
SZ000985	129,639,500	
SZ000987	358,958,107	
SZ000988	891,116,632	
SZ000989	297,605,268	
SZ000990	297,032,414	
SZ000993	373,000,000	
SZ000995	177,408,000	
SZ000996	230,000,000	
SZ000997	510,266,666	
SZ000998	415,800,000	
SZ000999	978,900,000	
SZ001696	1,145,026,920	
SZ001896	623,346,930	
SZ002001	725,946,000	
SZ002002	497,193,105	
SZ002003	258,988,006	
SZ002004	580,732,770	
SZ002005	1,166,400,000	
SZ002006	455,160,000	
SZ002007	580,914,800	
SZ002008	1,044,396,600	
SZ002009	321,010,822	
SZ002010	487,980,000	
SZ002011	837,937,460	
SZ002012	467,625,470	
SZ002013	716,286,314	
SZ002014	325,758,450	
SZ002015	239,942,410	
SZ002016	646,095,632	
SZ002017	218,418,754	
SZ002018	1,198,856,538	
SZ002019	220,420,000	
SZ002020	252,662,840	
SZ002021	567,815,040	
SZ002022	492,277,500	
SZ002023	336,985,385	
SZ002024	7,383,043,150	
SZ002025	330,000,000	
SZ002026	228,150,000	
SZ002027	302,335,116	
SZ002028	439,680,000	
SZ002029	755,670,000	
SZ002030	457,651,814	
SZ002031	471,781,710	
SZ002032	634,394,112	
SZ002033	212,946,332	
SZ002034	85,120,000	
SZ002035	299,051,085	
SZ002036	202,248,900	
SZ002037	327,368,160	
SZ002038	456,840,000	
SZ002039	203,599,108	
SZ002040	245,872,000	
SZ002041	352,000,000	
SZ002042	832,992,573	
SZ002043	470,019,780	
SZ002044	224,250,000	
SZ002045	416,904,000	
SZ002046	278,604,348	
SZ002047	453,664,827	
SZ002048	530,047,150	
SZ002049	303,408,984	
SZ002050	594,737,332	
SZ002051	637,202,779	
SZ002052	682,959,694	
SZ002053	185,851,103	
SZ002054	322,930,363	
SZ002055	414,512,080	
SZ002056	410,900,000	
SZ002057	99,690,835	
SZ002058	143,448,332	
SZ002059	215,000,000	
SZ002060	602,477,679	
SZ002061	348,661,321	
SZ002062	562,500,000	
SZ002063	462,073,947	
SZ002064	738,400,000	
SZ002065	689,967,200	
SZ002066	231,000,000	
SZ002067	1,093,951,000	
SZ002068	479,699,200	
SZ002069	711,112,194	
SZ002070	635,258,156	
SZ002071	184,020,000	
SZ002072	176,000,000	
SZ002073	742,365,000	
SZ002074	253,368,000	
SZ002075	1,576,265,552	
SZ002076	184,270,676	
SZ002077	252,000,000	
SZ002078	1,150,000,000	
SZ002079	727,971,487	
SZ002080	400,000,000	
SZ002081	1,174,803,862	
SZ002082	238,000,000	
SZ002083	938,482,978	
SZ002084	406,055,813	
SZ002085	390,098,968	
SZ002086	243,850,000	
SZ002087	519,758,400	
SZ002088	233,978,689	
SZ002089	442,566,560	
SZ002090	204,000,000	
SZ002091	360,000,000	
SZ002092	1,390,239,078	
SZ002093	865,000,000	
SZ002094	321,916,620	
SZ002095	162,000,000	
SZ002096	371,287,000	
SZ002097	411,450,000	
SZ002098	155,000,000	
SZ002099	324,490,000	
SZ002100	434,159,044	
SZ002101	191,700,000	
SZ002102	409,260,000	
SZ002103	218,431,000	
SZ002104	440,640,000	
SZ002105	268,000,000	
SZ002106	705,816,160	
SZ002107	163,980,000	
SZ002108	340,154,800	
SZ002109	358,400,000	
SZ002110	534,700,000	
SZ002111	307,270,735	
SZ002112	201,600,000	
SZ002113	118,400,000	
SZ002114	271,840,827	
SZ002115	410,688,000	
SZ002116	205,200,000	
SZ002117	303,298,012	
SZ002118	512,991,382	
SZ002119	206,200,000	
SZ002120	150,280,000	
SZ002121	396,690,000	
SZ002122	1,188,000,000	
SZ002123	504,000,000	
SZ002124	205,500,000	
SZ002125	139,130,616	
SZ002126	326,590,000	
SZ002127	446,458,902	
SZ002128	1,326,686,166	
SZ002129	878,841,645	
SZ002130	570,676,947	
SZ002131	319,644,353	
SZ002132	539,869,800	
SZ002133	598,320,000	
SZ002134	245,849,768	
SZ002135	748,600,000	
SZ002136	215,020,000	
SZ002137	458,410,600	
SZ002138	328,082,311	
SZ002139	218,400,000	
SZ002140	446,034,534	
SZ002141	181,888,000	
SZ002142	2,883,820,529	
SZ002143	208,650,000	
SZ002144	176,762,528	
SZ002145	410,111,940	
SZ002146	1,882,013,500	
SZ002147	258,521,810	
SZ002148	113,400,000	
SZ002149	174,630,000	
SZ002150	250,200,000	
SZ002151	181,504,340	
SZ002152	747,237,306	
SZ002153	309,120,000	
SZ002154	598,815,328	
SZ002155	996,268,000	
SZ002156	649,866,720	
SZ002157	431,056,568	
SZ002158	239,881,950	
SZ002159	120,000,000	
SZ002160	340,000,000	
SZ002161	739,757,400	
SZ002162	418,000,000	
SZ002163	803,550,000	
SZ002164	445,625,000	
SZ002165	543,832,388	
SZ002166	129,533,760	
SZ002167	413,964,000	
SZ002168	757,104,768	
SZ002169	266,472,375	
SZ002170	851,553,360	
SZ002171	326,040,000	
SZ002172	565,820,977	
SZ002173	205,000,000	
SZ002174	82,939,921	
SZ002175	117,798,288	
SZ002176	424,427,644	
SZ002177	761,191,294	
SZ002178	172,177,777	
SZ002179	463,472,988	
SZ002180	124,983,000	
SZ002181	692,002,640	
SZ002182	288,000,000	
SZ002183	986,126,241	
SZ002184	220,000,000	
SZ002185	649,808,000	
SZ002186	283,120,000	
SZ002187	342,422,568	
SZ002188	156,000,000	
SZ002189	199,240,000	
SZ002190	345,188,382	
SZ002191	642,000,000	
SZ002192	142,103,469	
SZ002193	160,000,000	
SZ002194	555,880,000	
SZ002195	113,330,000	
SZ002196	149,288,673	
SZ002197	261,194,745	
SZ002198	205,000,000	
SZ002199	189,388,309	
SZ002200	151,087,104	
SZ002201	175,760,000	
SZ002202	2,694,588,000	
SZ002203	774,018,313	
SZ002204	965,685,016	
SZ002205	116,152,018	
SZ002206	447,580,500	
SZ002207	99,458,689	
SZ002208	320,100,000	
SZ002209	195,244,050	
SZ002210	397,800,000	
SZ002211	432,475,779	
SZ002212	510,260,000	
SZ002213	206,000,000	
SZ002214	200,000,000	
SZ002215	542,353,700	
SZ002216	402,108,766	
SZ002217	334,476,000	
SZ002218	489,750,000	
SZ002219	440,462,000	
SZ002220	464,727,200	
SZ002221	586,346,184	
SZ002222	285,000,000	
SZ002223	531,606,400	
SZ002224	327,334,849	
SZ002225	792,787,035	
SZ002226	400,109,496	
SZ002227	108,576,950	
SZ002228	347,504,000	
SZ002229	298,186,000	
SZ002230	468,492,900	
SZ002231	356,800,000	
SZ002232	408,548,455	
SZ002233	894,655,969	
SZ002234	302,046,632	
SZ002235	195,000,000	
SZ002236	1,146,133,167	
SZ002237	455,200,000	
SZ002238	320,400,000	
SZ002239	201,000,000	
SZ002240	490,704,000	
SZ002241	1,526,430,119	
SZ002242	760,950,000	
SZ002243	364,948,956	
SZ002244	1,352,000,000	
SZ002245	364,800,000	
SZ002246	275,791,024	
SZ002247	128,800,000	
SZ002248	257,495,600	
SZ002249	716,027,850	
SZ002250	525,235,815	
SZ002251	597,115,871	
SZ002252	489,600,000	
SZ002253	139,245,600	
SZ002254	509,028,000	
SZ002255	258,200,000	
SZ002256	313,200,000	
SZ002258	202,444,033	
SZ002259	643,320,000	
SZ002260	156,000,000	
SZ002261	283,443,841	
SZ002262	327,600,000	
SZ002263	698,652,312	
SZ002264	541,501,975	
SZ002265	291,026,000	
SZ002266	1,426,431,144	
SZ002267	1,016,837,350	
SZ002268	172,712,065	
SZ002269	1,005,000,000	
SZ002270	189,150,000	
SZ002271	359,836,000	
SZ002272	419,700,000	
SZ002273	375,350,250	
SZ002274	333,273,176	
SZ002275	590,200,000	
SZ002276	938,705,488	
SZ002277	561,578,600	
SZ002278	287,675,612	
SZ002279	175,795,305	
SZ002280	107,000,000	
SZ002281	186,181,377	
SZ002282	225,420,000	
SZ002283	559,411,764	
SZ002284	287,040,000	
SZ002285	424,320,000	
SZ002286	184,628,000	
SZ002287	406,000,000	
SZ002288	395,821,872	
SZ002289	113,500,000	
SZ002290	210,672,000	
SZ002291	363,350,000	
SZ002292	614,400,000	
SZ002293	280,726,200	
SZ002294	653,760,000	
SZ002295	211,800,000	
SZ002296	221,562,600	
SZ002297	321,000,000	
SZ002298	413,848,300	
SZ002299	910,900,000	
SZ002300	301,500,000	
SZ002301	383,849,998	
SZ002302	466,989,917	
SZ002303	357,600,000	
SZ002304	1,080,000,000	
SZ002305	963,392,140	
SZ002306	800,000,000	
SZ002307	428,713,200	
SZ002308	835,591,560	
SZ002309	480,600,000	
SZ002310	606,032,846	
SZ002311	988,705,770	
SZ002312	369,856,590	
SZ002313	318,233,500	
SZ002314	290,000,000	
SZ002315	117,500,000	
SZ002316	393,120,000	
SZ002317	360,000,000	
SZ002318	312,000,000	
SZ002319	200,000,000	
SZ002320	425,880,000	
SZ002321	425,800,000	
SZ002322	282,520,000	
SZ002323	107,588,000	
SZ002324	270,000,000	
SZ002325	704,542,991	
SZ002326	240,300,000	
SZ002327	321,537,080	
SZ002328	450,000,000	
SZ002329	214,000,000	
SZ002330	502,000,000	
SZ002331	214,256,620	
SZ002332	341,400,000	
SZ002333	251,301,800	
SZ002334	355,753,500	
SZ002335	222,477,500	
SZ002336	400,000,000	
SZ002337	198,325,000	
SZ002338	120,000,000	
SZ002339	378,896,000	
SZ002340	753,456,834	
SZ002341	373,440,000	
SZ002342	960,000,000	
SZ002343	198,120,000	
SZ002344	1,120,000,000	
SZ002345	422,555,600	
SZ002346	135,000,000	
SZ002347	187,200,117	
SZ002348	473,600,000	
SZ002349	200,000,000	
SZ002350	218,280,000	
SZ002351	294,000,000	
SZ002352	77,830,780	
SZ002353	597,053,600	
SZ002354	93,500,000	
SZ002355	513,700,050	
SZ002356	80,000,000	
SZ002357	195,930,648	
SZ002358	397,797,744	
SZ002359	416,800,000	
SZ002360	180,000,000	
SZ002361	320,000,000	
SZ002362	214,102,792	
SZ002363	149,400,000	
SZ002364	254,249,190	
SZ002365	187,000,000	
SZ002366	133,500,000	
SZ002367	380,670,000	
SZ002368	237,094,080	
SZ002369	240,000,000	
SZ002370	204,000,000	
SZ002371	352,200,000	
SZ002372	333,320,000	
SZ002373	137,060,000	
SZ002374	191,409,229	
SZ002375	635,437,500	
SZ002376	600,000,000	
SZ002377	214,000,000	
SZ002378	428,213,646	
SZ002379	463,200,000	
SZ002380	68,000,000	
SZ002381	234,000,000	
SZ002382	240,000,000	
SZ002383	187,200,000	
SZ002384	384,000,000	
SZ002385	1,606,215,292	
SZ002386	479,771,290	
SZ002387	312,972,972	
SZ002388	199,800,000	
SZ002389	498,369,636	
SZ002390	173,600,000	
SZ002391	210,203,600	
SZ002392	599,279,717	
SZ002393	182,454,992	
SZ002394	215,800,000	
SZ002395	178,806,000	
SZ002396	351,060,000	
SZ002397	151,200,000	
SZ002398	263,640,000	
SZ002399	800,200,000	
SZ002400	385,499,812	
SZ002401	202,160,000	
SZ002402	100,050,000	
SZ002403	240,000,000	
SZ002404	260,325,000	
SZ002405	691,596,710	
SZ002406	280,500,000	
SZ002407	222,560,000	
SZ002408	560,649,600	
SZ002409	166,320,000	
SZ002410	537,550,000	
SZ002411	348,300,000	
SZ002412	148,000,000	
SZ002413	220,500,000	
SZ002414	600,000,000	
SZ002415	4,017,223,222	
SZ002416	999,100,000	
SZ002417	270,000,000	
SZ002418	228,800,000	
SZ002419	800,200,000	
SZ002420	401,000,000	
SZ002421	208,800,000	
SZ002422	480,000,000	
SZ002423	465,510,000	
SZ002424	470,400,000	
SZ002425	389,990,000	
SZ002426	400,410,000	
SZ002427	238,195,880	
SZ002428	653,120,000	
SZ002429	1,067,927,806	
SZ002430	812,025,000	
SZ002431	460,800,000	
SZ002432	372,000,000	
SZ002433	278,000,000	
SZ002434	340,000,000	
SZ002435	198,000,000	
SZ002436	223,400,000	
SZ002437	280,000,000	
SZ002438	208,000,000	
SZ002439	207,561,667	
SZ002440	767,000,000	
SZ002441	232,000,000	
SZ002442	480,000,000	
SZ002443	433,779,600	
SZ002444	1,014,000,000	
SZ002445	252,150,000	
SZ002446	132,798,558	
SZ002447	268,000,000	
SZ002448	235,240,922	
SZ002449	430,000,000	
SZ002450	935,372,380	
SZ002451	219,600,000	
SZ002452	130,000,000	
SZ002453	285,650,000	
SZ002454	312,000,000	
SZ002455	131,700,000	
SZ002456	465,080,000	
SZ002457	334,992,000	
SZ002458	280,800,000	
SZ002459	222,300,000	
SZ002460	152,801,000	
SZ002461	680,161,768	
SZ002462	240,000,000	
SZ002463	1,395,133,136	
SZ002464	145,589,953	
SZ002465	665,013,020	
SZ002466	147,000,000	
SZ002467	240,000,000	
SZ002468	276,480,000	
SZ002469	254,666,013	
SZ002470	700,000,000	
SZ002471	507,200,000	
SZ002472	277,992,000	
SZ002473	160,000,000	
SZ002474	311,100,000	
SZ002475	547,470,000	
SZ002476	612,000,000	
SZ002477	854,400,000	
SZ002478	400,100,000	
SZ002479	737,800,000	
SZ002480	280,000,000	
SZ002481	432,000,000	
SZ002482	517,177,000	
SZ002483	360,000,000	
SZ002484	208,000,000	
SZ002485	320,000,000	
SZ002486	416,000,000	
SZ002487	360,000,000	
SZ002488	180,000,000	
SZ002489	478,183,847	
SZ002490	797,848,400	
SZ002491	275,330,000	
SZ002492	120,000,000	
SZ002493	1,112,000,000	
SZ002494	113,500,000	
SZ002495	282,128,400	
SZ002496	245,047,500	
SZ002497	480,000,000	
SZ002498	1,073,160,000	
SZ002499	112,500,000	
SZ002500	2,518,725,153	
SZ002501	468,000,000	
SZ002502	140,800,000	
SZ002503	432,000,000	
SZ002504	139,100,000	
SZ002505	246,720,000	
SZ002506	843,520,000	
SZ002507	155,000,000	
SZ002508	256,000,000	
SZ002509	400,000,000	
SZ002510	205,760,000	
SZ002511	312,000,000	
SZ002512	318,583,800	
SZ002513	213,120,000	
SZ002514	108,800,000	
SZ002515	143,325,000	
SZ002516	250,000,000	
SZ002517	176,800,000	
SZ002518	212,305,000	
SZ002519	211,200,000	
SZ002520	216,000,000	
SZ002521	420,500,000	
SZ002522	170,672,000	
SZ002523	332,800,000	
SZ002524	503,332,800	
SZ002526	534,000,000	
SZ002527	351,699,487	
SZ002528	353,709,000	
SZ002529	160,000,000	
SZ002530	268,000,000	
SZ002531	411,500,000	
SZ002532	160,000,000	
SZ002533	336,000,000	
SZ002534	400,520,000	
SZ002535	536,574,636	
SZ002536	96,000,000	
SZ002537	152,480,000	
SZ002538	296,000,000	
SZ002539	331,040,000	
SZ002540	416,000,000	
SZ002541	268,000,000	
SZ002542	200,400,000	
SZ002543	400,000,000	
SZ002544	343,840,000	
SZ002545	260,250,000	
SZ002546	168,000,000	
SZ002547	284,000,000	
SZ002548	141,000,000	
SZ002549	270,000,000	
SZ002550	160,000,000	
SZ002551	276,750,000	
SZ002552	150,000,000	
SZ002553	87,000,000	
SZ002554	455,625,000	
SZ002555	134,000,000	
SZ002556	478,400,000	
SZ002557	338,000,000	
SZ002558	59,500,000	
SZ002559	176,000,000	
SZ002560	103,332,800	
SZ002561	415,763,000	
SZ002562	213,400,000	
SZ002563	670,000,000	
SZ002564	369,856,000	
SZ002565	348,370,000	
SZ002566	220,634,400	
SZ002567	420,786,000	
SZ002568	160,000,000	
SZ002569	140,010,000	
SZ002570	639,075,000	
SZ002571	391,950,700	
SZ002572	440,990,000	
SZ002573	532,800,000	
SZ002574	240,000,000	
SZ002575	267,600,000	
SZ002576	165,100,000	
SZ002577	282,880,000	
SZ002578	171,800,000	
SZ002579	233,640,000	
SZ002580	109,230,000	
SZ002581	140,764,000	
SZ002582	147,600,000	
SZ002583	278,000,000	
SZ002584	200,000,000	
SZ002585	416,000,000	
SZ002586	304,950,000	
SZ002587	110,550,000	
SZ002588	219,700,000	
SZ002589	108,947,600	
SZ002590	121,342,000	
SZ002591	131,275,000	
SZ002592	176,714,847	
SZ002593	212,000,000	
SZ002594	2,354,100,000	
SZ002595	200,000,000	
SZ002596	214,400,000	
SZ002597	277,680,000	
SZ002598	312,000,000	
SZ002599	132,000,000	
SZ002600	317,800,000	
SZ002601	191,515,000	
SZ002602	262,500,000	
SZ002603	563,884,000	
SZ002604	242,320,000	
SZ002605	187,000,000	
SZ002606	200,000,000	
SZ002607	228,800,000	
SZ002608	220,500,000	
SZ002609	184,050,807	
SZ002610	300,000,000	
SZ002611	180,955,000	
SZ002612	200,000,000	
SZ002613	400,500,000	
SZ002614	240,000,000	
SZ002615	91,200,000	
SZ002616	148,000,000	
SZ002617	180,000,000	
SZ002618	182,640,000	
SZ002619	121,550,000	
SZ002620	120,000,000	
SZ002621	150,000,000	
SZ002622	150,000,000	
SZ002623	160,000,000	
SZ002624	200,000,000	
SZ002625	116,007,000	
SZ002626	180,000,000	
SZ002627	133,500,000	
SZ002628	737,416,215	
SZ002629	171,645,000	
SZ002630	167,000,000	
SZ002631	160,000,000	
SZ002632	138,671,000	
SZ002633	150,000,000	
SZ002634	100,050,000	
SZ002635	180,000,000	
SZ002636	280,000,000	
SZ002637	160,000,000	
SZ002638	374,670,000	
SZ002639	160,000,000	
SZ002640	133,340,000	
SZ002641	360,000,000	
SZ002642	362,086,092	
SZ002643	275,640,000	
SZ002644	88,858,000	
SZ002645	120,006,000	
SZ002646	450,000,000	
SZ002647	168,910,000	
SZ002648	400,000,000	
SZ002649	150,000,000	
SZ002650	230,400,000	
SZ002651	401,000,000	
SZ002652	160,020,000	
SZ002653	1,080,270,000	
SZ002654	176,000,000	
SZ002655	240,000,000	
SZ002656	200,000,000	
SZ002657	104,696,301	
SZ002658	274,945,600	
SZ002659	311,000,000	
SZ002660	197,263,600	
SZ002661	83,080,000	
SZ002662	600,000,000	
SZ002663	558,976,000	
SZ002664	133,340,000	
SZ002665	266,700,000	
SZ002666	320,000,000	
SZ002667	67,980,000	
SZ002668	165,350,000	
SZ002669	100,000,000	
SZ002670	200,000,000	
SZ002671	188,740,000	
SZ002672	225,714,561	
SZ002673	1,200,000,000	
SZ002674	242,900,000	
SZ002675	172,800,000	
SZ002676	160,000,000	
SZ002677	200,000,000	
SZ002678	956,000,000	
SZ002679	138,680,000	
SZ002680	80,000,000	
SZ002681	150,000,000	
SZ002682	208,000,000	
SZ002683	218,960,000	
SZ002684	106,152,000	
SZ002685	200,000,000	
SZ002686	136,005,000	
SZ002687	197,140,000	
SZ002688	108,920,000	
SZ002689	402,842,623	
SZ002690	260,000,000	
SZ002691	200,000,000	
SZ002692	326,430,000	
SZ002693	180,000,000	
SZ002694	172,800,000	
SZ002695	123,876,522	
SZ002696	88,000,000	
SZ002697	400,000,000	
SZ002698	401,000,000	
SZ002699	93,500,000	
SZ002700	117,340,800	
SZ002701	306,670,000	
SZ002702	141,400,000	
SZ002703	277,657,855	
SZ300001	200,400,000	
SZ300002	613,413,920	
SZ300003	812,000,000	
SZ300004	188,000,000	
SZ300005	424,425,731	
SZ300006	201,793,757	
SZ300007	118,000,000	
SZ300008	218,484,000	
SZ300009	241,144,981	
SZ300010	263,197,333	
SZ300011	231,192,000	
SZ300012	369,385,000	
SZ300013	90,000,000	
SZ300014	198,986,740	
SZ300015	432,646,500	
SZ300016	305,498,208	
SZ300017	155,291,786	
SZ300018	195,000,000	
SZ300019	163,200,000	
SZ300020	241,427,400	
SZ300021	278,600,000	
SZ300022	357,400,000	
SZ300023	90,000,000	
SZ300024	297,660,000	
SZ300025	214,265,281	
SZ300026	373,972,318	
SZ300027	1,209,600,000	
SZ300028	264,600,000	
SZ300029	200,000,000	
SZ300030	148,000,000	
SZ300031	150,000,000	
SZ300032	285,400,000	
SZ300033	134,400,000	
SZ300034	211,988,154	
SZ300035	179,887,500	
SZ300036	122,309,680	
SZ300037	171,200,000	
SZ300038	160,669,389	
SZ300039	526,080,000	
SZ300040	277,800,000	
SZ300041	168,954,920	
SZ300042	133,600,000	
SZ300043	241,781,794	
SZ300044	220,000,000	
SZ300045	268,000,000	
SZ300046	142,080,000	
SZ300047	315,451,200	
SZ300048	338,144,800	
SZ300049	125,060,000	
SZ300050	216,000,000	
SZ300051	321,000,000	
SZ300052	260,000,000	
SZ300053	200,000,000	
SZ300054	293,018,405	
SZ300055	228,800,000	
SZ300056	93,600,000	
SZ300057	422,000,000	
SZ300058	464,311,125	
SZ300059	672,000,000	
SZ300061	96,000,000	
SZ300062	154,510,000	
SZ300063	100,500,000	
SZ300064	608,000,000	
SZ300065	105,252,970	
SZ300066	155,974,758	
SZ300067	160,500,000	
SZ300068	599,200,000	
SZ300069	117,000,000	
SZ300070	885,768,866	
SZ300071	171,882,171	
SZ300072	505,804,000	
SZ300073	160,000,000	
SZ300074	220,000,000	
SZ300075	126,000,000	
SZ300076	106,000,000	
SZ300077	272,000,000	
SZ300078	167,500,000	
SZ300079	338,956,768	
SZ300080	502,804,021	
SZ300081	134,000,000	
SZ300082	336,960,000	
SZ300083	200,000,000	
SZ300084	128,000,000	
SZ300085	121,330,000	
SZ300086	200,000,000	
SZ300087	105,600,000	
SZ300088	489,450,000	
SZ300089	150,000,000	
SZ300090	294,163,631	
SZ300091	209,000,000	
SZ300092	91,000,000	
SZ300093	216,000,000	
SZ300094	352,000,000	
SZ300095	102,293,000	
SZ300096	172,000,000	
SZ300097	120,000,000	
SZ300098	184,020,000	
SZ300099	206,700,000	
SZ300100	280,500,000	
SZ300101	278,000,000	
SZ300102	295,000,000	
SZ300103	211,734,000	
SZ300104	798,466,298	
SZ300105	285,120,000	
SZ300106	117,000,000	
SZ300107	133,800,000	
SZ300108	135,200,000	
SZ300109	115,200,000	
SZ300110	433,502,490	
SZ300111	1,119,800,000	
SZ300112	161,167,500	
SZ300113	132,000,000	
SZ300114	156,000,000	
SZ300115	258,000,000	
SZ300116	160,000,000	
SZ300117	217,200,000	
SZ300118	560,000,000	
SZ300119	193,946,480	
SZ300120	171,850,000	
SZ300121	140,400,000	
SZ300122	400,000,000	
SZ300123	140,925,521	
SZ300124	388,800,000	
SZ300125	118,000,000	
SZ300126	151,560,000	
SZ300127	161,573,180	
SZ300128	408,920,000	
SZ300129	324,000,000	
SZ300130	114,300,000	
SZ300131	205,284,991	
SZ300132	192,960,000	
SZ300133	580,792,800	
SZ300134	320,000,000	
SZ300135	512,000,000	
SZ300136	137,025,000	
SZ300137	202,800,000	
SZ300138	179,570,872	
SZ300139	109,600,000	
SZ300140	122,000,000	
SZ300141	165,600,000	
SZ300142	180,000,000	
SZ300143	147,400,000	
SZ300144	558,216,000	
SZ300145	145,091,000	
SZ300146	328,080,000	
SZ300147	392,055,300	
SZ300148	152,100,000	
SZ300149	201,000,000	
SZ300150	270,000,000	
SZ300151	100,500,000	
SZ300152	240,178,400	
SZ300153	160,000,000	
SZ300154	223,500,000	
SZ300155	182,658,000	
SZ300156	288,720,000	
SZ300157	398,468,518	
SZ300158	288,000,000	
SZ300159	180,400,000	
SZ300160	186,800,000	
SZ300161	107,830,000	
SZ300162	134,000,000	
SZ300163	79,000,000	
SZ300164	237,600,000	
SZ300165	153,920,000	
SZ300166	123,967,500	
SZ300167	200,160,000	
SZ300168	243,555,200	
SZ300169	280,500,000	
SZ300170	266,171,661	
SZ300171	208,000,000	
SZ300172	130,000,000	
SZ300173	113,230,000	
SZ300174	136,000,000	
SZ300175	470,800,000	
SZ300176	107,280,000	
SZ300177	201,845,780	
SZ300178	122,300,000	
SZ300179	216,000,000	
SZ300180	158,000,000	
SZ300181	144,000,000	
SZ300182	222,253,850	
SZ300183	220,000,000	
SZ300184	100,050,000	
SZ300185	900,000,000	
SZ300186	534,000,000	
SZ300187	200,340,000	
SZ300188	221,813,200	
SZ300189	256,000,000	
SZ300190	156,628,800	
SZ300191	320,000,000	
SZ300192	110,250,000	
SZ300193	221,500,000	
SZ300194	173,420,000	
SZ300195	142,224,000	
SZ300196	120,000,000	
SZ300197	315,805,878	
SZ300198	209,038,410	
SZ300199	400,000,000	
SZ300200	213,600,000	
SZ300201	352,000,000	
SZ300202	305,280,000	
SZ300203	445,000,000	
SZ300204	240,120,000	
SZ300205	215,028,000	
SZ300206	130,000,000	
SZ300207	244,400,000	
SZ300208	280,000,000	
SZ300209	160,000,000	
SZ300210	134,730,000	
SZ300211	64,495,200	
SZ300212	268,000,000	
SZ300213	126,000,000	
SZ300214	202,500,000	
SZ300215	360,000,000	
SZ300216	184,600,000	
SZ300217	197,736,000	
SZ300218	211,200,000	
SZ300219	245,466,000	
SZ300220	70,000,000	
SZ300221	200,000,000	
SZ300222	108,000,000	
SZ300223	104,000,000	
SZ300224	240,000,000	
SZ300225	130,650,000	
SZ300226	120,000,000	
SZ300227	134,000,000	
SZ300228	134,000,000	
SZ300229	204,697,075	
SZ300230	161,524,800	
SZ300231	120,000,000	
SZ300232	101,036,075	
SZ300233	121,000,000	
SZ300234	120,000,000	
SZ300235	88,000,000	
SZ300236	113,800,000	
SZ300237	57,000,000	
SZ300238	122,200,000	
SZ300239	197,548,000	
SZ300240	167,520,000	
SZ300241	216,705,093	
SZ300242	75,000,000	
SZ300243	103,917,960	
SZ300244	119,574,000	
SZ300245	139,330,000	
SZ300246	146,088,000	
SZ300247	122,625,000	
SZ300248	89,200,000	
SZ300249	156,800,000	
SZ300250	80,000,000	
SZ300251	506,352,000	
SZ300252	164,344,996	
SZ300253	107,000,000	
SZ300254	133,800,000	
SZ300255	188,418,700	
SZ300256	150,000,000	
SZ300257	429,000,000	
SZ300258	180,000,000	
SZ300259	181,632,000	
SZ300260	100,050,000	
SZ300261	232,192,000	
SZ300262	266,800,000	
SZ300263	190,814,900	
SZ300264	153,000,000	
SZ300265	135,000,000	
SZ300266	116,480,000	
SZ300267	239,200,000	
SZ300268	134,000,000	
SZ300269	117,728,000	
SZ300270	120,000,000	
SZ300271	148,000,000	
SZ300272	188,888,700	
SZ300273	440,055,000	
SZ300274	327,240,000	
SZ300275	168,776,000	
SZ300276	124,800,000	
SZ300277	134,000,000	
SZ300278	173,400,000	
SZ300279	120,000,000	
SZ300280	128,000,000	
SZ300281	120,000,000	
SZ300282	71,806,800	
SZ300283	92,080,300	
SZ300284	240,000,000	
SZ300285	124,800,000	
SZ300286	71,330,000	
SZ300287	126,000,000	
SZ300288	106,800,000	
SZ300289	153,600,000	
SZ300290	136,000,000	
SZ300291	132,000,000	
SZ300292	116,961,760	
SZ300293	180,000,000	
SZ300294	75,800,000	
SZ300295	53,350,000	
SZ300296	150,000,000	
SZ300297	196,000,000	
SZ300298	132,000,000	
SZ300299	120,600,000	
SZ300300	191,400,000	
SZ300301	272,680,000	
SZ300302	60,000,000	
SZ300303	217,600,000	
SZ300304	100,000,000	
SZ300305	144,000,000	
SZ300306	120,000,000	
SZ300307	802,000,000	
SZ300308	120,006,000	
SZ300309	217,274,000	
SZ300310	176,000,000	
SZ300311	70,700,000	
SZ300312	160,020,000	
SZ300313	90,910,000	
SZ300314	160,000,000	
SZ300315	705,057,492	
SZ300316	266,700,000	
SZ300317	140,000,000	
SZ300318	163,840,000	
SZ300319	53,340,000	
SZ300320	133,340,000	
SZ300321	44,400,000	
SZ300322	112,014,000	
SZ300323	300,000,000	
SZ300324	112,000,000	
SZ300325	160,000,000	
SZ300326	76,875,000	
SZ300327	140,800,000	
SZ300328	112,000,000	
SZ300329	133,980,000	
SZ300330	121,480,500	
SZ300331	62,000,000	
SZ300332	320,000,000	
SZ300333	112,000,000	
SZ300334	174,000,000	
SZ300335	209,233,251	
SZ300336	96,000,000	
SZ300337	186,800,000	
SZ300338	90,000,000	
SZ300339	153,480,000	
SZ300340	100,000,000	
SZ300341	92,000,000	
SZ300342	100,000,000	
SZ300343	40,000,000	
SZ300344	160,832,000	
SZ300345	96,000,000	
SZ300346	100,540,000	
SZ300347	106,800,000	
SZ300348	51,700,000	
SZ300349	90,000,000	
SZ300350	86,670,000	
SZ300351	102,180,000	
SZ300352	133,400,000	
SZ300353	85,620,480	
SZ300354	66,524,136	
SZ300355	205,465,500	
SZ300356	130,005,000	

